[239.08067818764, 96.42525426708744, 899.3462845127501]
[248.00768617394405, 101.4262399016852, 887.7193480959492]
[250.5978628600452, 101.26463134602167, 881.9582694742749]
[253.2184077472655, 101.0231064716235, 880.9424442672472]
[254.99627945138332, 102.44916878148926, 878.2590318759557]
[256.7455588725761, 103.67455233542121, 876.376558590205]
[258.4278861778511, 106.24785779867835, 874.3520118489262]
[260.20700102470477, 107.51231155288065, 873.210096450117]
[262.5941902612198, 108.93837386274639, 871.746739858175]
[265.06928744834295, 110.06963375239081, 869.0136017574486]
[267.87488301138893, 111.44774627101575, 867.3193758002731]
[271.86714711173545, 113.13309263722076, 865.6073906611565]
[275.34261901759754, 114.1382623350838, 863.6467769748655]
[278.38219180271676, 115.36897364359808, 860.6348197176645]
[280.0604167369634, 115.89109359266475, 859.6847034838187]
[286.6554665425892, 117.77871704117823, 859.3703659634623]
[290.11016020558026, 118.61215544967136, 857.3795616678714]
[293.65174776989073, 120.19378819334067, 856.5679670531656]
[296.1417928604537, 121.18137630108207, 855.0353496516535]
[299.3572774463717, 121.1460355290194, 854.1793570820954]
[301.981747112801, 121.92069104528768, 852.879384964011]
[302.27466705973654, 121.98657761028896, 852.5774788710133]
[305.41889470403436, 122.52965339404605, 849.3293244939965]
[307.19921717526006, 123.35083796699989, 847.8162421926196]
[308.1918133723088, 124.23897465587144, 846.1060329716972]
[310.25035118782284, 126.86378174675761, 845.6265350592889]
[311.5827693313135, 129.3445618721019, 843.191751215172]
[312.00831484898475, 131.92621415087135, 840.7480877800845]
[314.5211502977327, 133.2741360601965, 838.4482737187193]
[317.02945715508565, 134.70499334918637, 836.0507841566786]
[318.92382909273664, 137.88140063116134, 833.6532945946378]
[320.29590348950165, 140.9219501712873, 828.6771718147575]
[322.30464455885306, 142.9154183441694, 826.4128761172744]
[323.5083619108169, 144.70092649652184, 824.5215232405534]
[328.6517761845819, 147.06076659284767, 819.612885352049]
[330.0616776388813, 150.30572431711505, 816.1711558918751]
[332.2524503231283, 153.41127246314525, 814.0613650772791]
[335.1651337532788, 155.73879084833837, 811.2216718849062]
[337.6869375889069, 156.42837988310907, 809.2699377895856]
[339.2683927407568, 157.33409816210226, 806.6753213079992]
[341.12724631452573, 157.6157587876872, 805.410867553797]
[342.9417019334421, 159.45525485314045, 801.9052050386349]
[345.83094324343045, 159.83459097940116, 801.019021859777]
[348.295384921389, 161.5810289314833, 800.0671297077371]
[349.1188781879951, 162.9138555361586, 797.7193658551312]
[349.9704309620681, 164.9961196187459, 795.9043774607565]
[350.98004045541643, 167.83528003566042, 794.6967530887657]
[352.61281964307597, 170.00776076250824, 793.3435034248582]
[353.72276851439113, 170.89980447140684, 791.6297423675476]
[357.46906794485415, 171.57802762973526, 788.4845912457887]
[361.50892665280264, 173.09164270657038, 785.7479013086742]
[364.8233227784595, 175.00501696889833, 783.2047864547168]
[368.28671844060176, 176.1538584486644, 780.4077152990025]
[370.3498026066927, 177.89781011527486, 778.8449072881907]
[374.7389844234215, 179.55456419855474, 776.6640797458306]
[376.3531164700429, 181.06072041897463, 774.7904860510505]
[378.9585660526133, 182.2765140146584, 773.9877710273153]
[381.65316672852776, 183.15221927617122, 772.092866314206]
[382.8321988175937, 183.20851588292436, 769.7042563431357]
[384.25755076018174, 185.18227136385187, 767.8573014212673]
[386.14588457597296, 185.66496592900944, 765.3674641131331]
[386.74792084377424, 186.3572188410713, 763.3695561447656]
[386.4499217708035, 187.42898547121325, 761.9488215894822]
[386.0247669551349, 190.1235861471277, 760.0805556492845]
[385.4477711338705, 192.34810127706277, 758.6722525213598]
[384.71928949064886, 194.6860975796011, 755.0760181782986]
[385.26201009076715, 196.8177321879845, 753.9749488979539]
[384.8398743360286, 199.62137424101695, 750.8138145124482]
[384.98709795431984, 201.68001861162267, 748.1090911028275]
[384.383996135602, 205.74065556244219, 745.036752627027]
[384.60776182805915, 209.92578437866834, 741.6074545942115]
[384.4642676379755, 212.11513632836017, 736.8018199609654]
[384.1009147754618, 213.72980115043978, 733.8910900408283]
[383.9705623800145, 216.04968308739828, 729.3376357911449]
[383.37172276496256, 217.1839620379727, 727.0875474392146]
[382.1383475791571, 220.36338838087764, 723.6511457336229]
[382.10460513346914, 220.62427076359157, 723.2480123035612]
[381.3913963867168, 223.54974080473957, 718.0232609765062]
[380.76627318239207, 225.37307601462643, 714.8763339365536]
[380.0532420274592, 226.82009415918264, 711.1007318558877]
[379.5707250541211, 228.48555024161365, 708.4919080287484]
[379.1540946457842, 230.4062057685375, 705.0146602046923]
[378.5264851559877, 232.13612768141448, 703.0877889640892]
[377.9017171353019, 234.17861119645383, 700.1521961892347]
[377.5294846818176, 235.93605984133944, 698.2040139303023]
[377.6266274070351, 238.10889575182608, 695.3962872654233]
[376.92052233305924, 239.79051268982343, 692.9064499572893]
[376.5505985732273, 241.40322400188958, 690.0916196196339]
[376.2685827640035, 245.081328173699, 687.045919916745]
[375.2167064176355, 248.5882338315968, 683.2561104905263]
[373.2505873849427, 250.8992361775847, 679.1342043620102]
[372.2701029499777, 253.89982755834333, 676.2962870878315]
[371.7993070367207, 256.01174947477216, 672.797728245446]
[371.37930238381495, 258.09578947555354, 668.6260964074951]
[370.83658178369666, 260.9397448715922, 667.073943905848]
[368.75041068108237, 261.4327397622756, 663.348067534617]
[367.51969937256814, 261.6536639856222, 660.2171237584112]
[366.1186775092392, 261.6630763520509, 656.8535346987776]
[363.75173374013696, 262.84690342024084, 652.8967889623133]
[362.0477402328939, 264.2992493193793, 650.5206104186017]
[361.46328555521416, 265.6649304106455, 647.5548270344475]
[359.4815384424131, 267.749858370524, 645.9565006597535]
[356.87768718621743, 269.46131073418235, 643.8626931089045]
[355.91052213770826, 270.68403041082314, 641.9589088048248]
[352.53308091616066, 273.3289053773027, 640.0320375642216]
[349.99440585768855, 275.3752959123691, 637.7659659485445]
[347.63971592412565, 277.67891043866956, 634.69185155455]
[345.4846391955801, 279.21706870494717, 630.6711727630978]
[341.77971865903964, 280.91553910660656, 628.6324186762661]
[338.6395401082244, 282.35374869692004, 625.5902708097653]
[335.430455931478, 284.4118070145217, 622.5960727345056]
[331.4520439930455, 286.4501703993507, 620.9586761595414]
[329.0630788383364, 288.21403010891703, 618.5292200700067]
[327.4512554853673, 288.7239672591721, 616.1281786715776]
[324.9749151555083, 289.24541235932503, 614.6133204520065]
[323.5259435009385, 289.7611567620749, 612.814315321379]
[322.9853540026532, 291.18460847219535, 609.9852776381709]
[321.0488928038019, 292.6396715261708, 607.024822008599]
[318.23867985345123, 292.1420237298189, 604.9398940487206]
[315.6302112099508, 292.33758784135364, 602.6134412144438]
[313.82658869201845, 293.75436387498246, 600.5835667185826]
[311.8756360007033, 294.75246719435114, 598.8413909701663]
[310.3227376134146, 299.3970224955558, 595.3552635551396]
[308.7063146323228, 301.93871661495785, 592.9346870565754]
[305.7502987982362, 304.58327191616246, 590.1731342647431]
[303.70728250773857, 307.4421095066677, 587.9177181582306]
[302.3474086689671, 311.4811335330649, 585.8718603986226]
[299.65726554771976, 312.1989596671219, 583.6395312286335]
[297.5172841238241, 313.79994991910695, 581.2704563576982]
[294.1915949343709, 315.44640367686105, 578.7433247674879]
[291.5493998284463, 315.227432963528, 576.8981457638134]
[288.0394395912547, 316.9229020634393, 574.4633619196965]
[286.0847397125499, 317.01081001404754, 572.7052029075332]
[280.48264128761167, 318.67306944372916, 568.9349285814498]
[282.2578668736203, 317.69098668238945, 576.649517216639]
[280.0630983734365, 319.8011326806242, 576.5003400883342]
[278.67601746793133, 321.8825088041145, 574.097522771711]
[275.5969305029933, 324.05037214365757, 567.5230736171368]
[273.04404809896835, 324.90423361138295, 562.7938034662371]
[271.52652600210627, 330.09506490093037, 552.8166950517591]
[268.6822154224288, 330.60013603533366, 551.5522412975569]
[267.89601643789877, 330.59658419894544, 550.2416136703079]
[266.4878909017935, 331.3605842060491, 549.9183965589808]
[262.49615957690526, 334.31748799923275, 546.2529014063497]
[259.80244686008785, 334.4567199856506, 544.5178293307097]
[257.9538936118446, 335.7836860602853, 543.0722319207088]
[254.92772900909094, 337.24171489764495, 542.0865973229809]
[251.82821898492068, 338.8110938057749, 542.019112431605]
[247.41257598709973, 339.8681203149058, 540.7351235772675]
[244.1139855333704, 340.6134731809714, 541.5627014557201]
