[282.23413005292343, 108.33709917428813, 891.0030120424974]
[280.05226167899144, 109.42998088402405, 889.5149533823554]
[277.69802808592544, 110.13014368180121, 887.8283608476073]
[276.12299268071774, 111.44992124822971, 886.3894629564151]
[274.3352424098608, 113.47969376622538, 885.0942657744616]
[272.2294597798732, 114.85373725837952, 884.0448724372585]
[269.6146741113718, 118.01193850365961, 881.8326378345058]
[269.3652777488905, 120.35293650508527, 879.871879472921]
[269.0374132359697, 122.7563308671014, 879.3197662216356]
[268.1491159570183, 124.54313573855545, 876.7785326266787]
[266.71740310128814, 126.28966659544655, 874.6816367510781]
[265.1711078379282, 127.73121160496673, 872.9402110509625]
[264.27505828387314, 131.51564541471834, 868.9184819910868]
[261.851999614277, 132.7081722215184, 867.2659238348425]
[260.31440202542365, 133.95609943332758, 864.5904435246757]
[257.0291391003957, 137.1299943086956, 860.5895132516633]
[255.60574575941092, 138.7184543854242, 858.4831633820339]
[253.14865271131086, 141.60721680088184, 855.6375111793479]
[251.7884120504389, 142.21227241872873, 853.2721218733278]
[249.28178007362763, 144.91157679384807, 849.556702219987]
[247.27488622118184, 145.7586546588337, 847.1326981509878]
[245.70779217095844, 145.88193474097, 844.5290681954405]
[245.04752522798304, 146.4385859093891, 841.8630418793027]
[242.68856463790254, 146.9680095750051, 839.758582808479]
[239.492547416507, 147.01338874634362, 838.8509993817087]
[238.62523800429963, 148.5402087820041, 836.6917071455176]
[238.01545538943836, 150.35518655566415, 835.2868436328293]
[236.43134414996302, 153.0164858747875, 833.4943663649581]
[235.10041087058045, 153.66729882373403, 832.2937091232932]
[233.41816717308558, 155.2752341281621, 830.665731351524]
[232.08666665406133, 156.7653726669906, 829.3743157671821]
[231.1359730145194, 158.38994700090944, 827.4532641805182]
[229.06384660327444, 160.43749302767938, 825.8385220003894]
[226.29231371377463, 163.89954564104696, 825.3090983347734]
[222.53605280622904, 166.7321513319732, 823.6867929594215]
[220.14041071931655, 168.7318601489571, 820.7787443961449]
[218.65764629583055, 170.38895622233522, 817.0557615475809]
[215.0284470680328, 171.27214834451107, 814.921049695865]
[211.00804156732093, 172.98388850337602, 812.7939010393721]
[209.81003144398412, 174.70791885447844, 809.4339515615161]
[207.075747290958, 175.6397045059626, 808.5301497323574]
[206.59548439429204, 176.06513423726116, 807.1763377874248]
[204.65665929885392, 178.6829451838518, 803.9468534271672]
[202.45255513096615, 178.81170858252486, 802.9485116577201]
[201.91537919024648, 180.11579251886542, 801.4264186190738]
[201.88153389162318, 180.15096137665276, 801.3394418740086]
[200.0669342777243, 181.82620911856628, 797.693981776481]
[199.58856217986408, 182.61089062296145, 795.5989766996862]
[198.95098482255796, 183.84444776384674, 794.9542143069182]
[198.71350049255304, 185.4153234116817, 791.8514134666473]
[198.14474821177703, 188.5213386099225, 790.4446591551532]
[197.2297906696642, 190.17559848509197, 788.4082688413373]
[197.3116622579541, 191.98017686532026, 786.407803704831]
[197.57107985410593, 194.38281490781407, 783.461939165439]
[196.93066629859112, 197.21674415790434, 782.040058463499]
[197.0352274725503, 199.53637613282478, 779.3891585378075]
[197.08514456102267, 202.22660467367643, 775.6170149202932]
[196.50032049039754, 204.27263806140175, 772.2513930460201]
[194.78423149427934, 206.82824172728252, 768.0708368864593]
[194.4936157178323, 208.22100412761378, 765.1646791219886]
[193.3846622182473, 211.00331457030646, 761.5721613910227]
[191.75044481041903, 212.83493137345732, 758.0855283931801]
[191.84120315309605, 215.65619227154895, 754.9657103636572]
[191.67859445579973, 217.62716094668514, 753.1089459363897]
[190.77838514437192, 218.8055067624419, 751.195457544949]
[190.75096856168824, 218.94485863442722, 750.9912512739256]
[188.14544780733513, 224.33117719242844, 748.9794413445848]
[187.69279057323342, 225.02415495474366, 746.9279246403228]
[186.23574101350593, 225.49137133964985, 744.5228285593814]
[185.67114849010258, 227.48332788153007, 741.5939812092414]
[184.92522836122575, 229.26446035656684, 739.7561247700315]
[184.6185407949296, 230.93592650086882, 738.321008476451]
[184.3984518139378, 232.0925281303592, 735.7003613316517]
[184.4776762838996, 232.73407616515746, 732.330957859767]
[184.97268741125058, 235.61206102742221, 726.4846079523217]
[183.8151403823573, 237.53027641587738, 726.2255685159308]
[182.92041438746622, 240.03085783651017, 723.7334956899241]
[182.49555189580937, 243.5433947779918, 720.4019081941548]
[182.68935877340095, 245.5124726543222, 715.9850021838726]
[182.46983703205092, 246.21301361186056, 715.054729171433]
[182.60805442475282, 249.20085388474064, 708.0360840044092]
[180.39279454391095, 251.4040126532256, 708.0928079685824]
[180.15852457187583, 251.93854147561717, 707.2986724701583]
[178.96524144555346, 256.06539894909395, 701.7453963776076]
[177.9663324364644, 258.0715364820175, 700.5579747275831]
[178.004526572341, 259.0842483223887, 698.8505834059715]
[177.87046893701176, 261.41654864930786, 696.148631912524]
[177.863662061311, 261.4961512790308, 695.999258806868]
[178.45151141002535, 263.56411793290306, 691.242009011547]
[179.0145912943841, 263.91750822970175, 689.5591980744105]
[180.43911911465236, 265.7837266509982, 686.4450524413048]
[180.61534156335023, 266.546663969127, 685.4202394885766]
[181.30794116590434, 268.3198550891795, 683.0926661586719]
[182.51994320040384, 269.3624415506819, 680.7537480359327]
[184.42851551494957, 271.31072064014876, 676.6355882369623]
[186.07332139609017, 272.65318779224657, 676.465416344443]
[187.71661463818617, 274.4146559597032, 671.6192990052506]
[188.7058805733658, 275.65917973366203, 671.1957600727579]
[190.52161466654812, 276.90313626797905, 668.3954870414103]
[193.2540080207685, 279.7614568226638, 666.0754769067288]
