[-624.10974,-545.28296,4364.2524]
[-619.1301,-541.5935,4324.385]
[-624.578,-532.6376,4296.2817]
[-611.27234,-516.27185,4267.7764]
[-616.6826,-511.41248,4232.5596]
[-611.14014,-502.50232,4188.5835]
[-600.26245,-492.62146,4149.6294]
[-597.6658,-484.29016,4123.125]
[-594.3113,-470.94092,4082.249]
[-587.5786,-463.94434,4046.061]
[-580.6394,-462.5791,4020.0366]
[-576.0791,-454.04163,3999.7422]
[-572.94055,-451.9922,3971.6157]
[-568.48254,-450.18604,3966.1865]
[-560.20044,-447.80273,3934.3809]
[-551.8668,-436.51465,3917.1978]
[-544.0973,-428.43677,3894.0493]
[-532.6272,-425.72253,3876.5396]
[-516.60254,-408.6704,3846.937]
[-501.84534,-394.5442,3814.2515]
[-497.55005,-390.14734,3809.207]
[-486.6106,-379.5769,3779.359]
[-477.0277,-369.7727,3764.0269]
[-469.417,-366.0465,3699.151]
[-448.28662,-351.33533,3678.8281]
[-429.72046,-343.91138,3658.933]
[-413.74414,-336.02087,3634.0957]
[-400.31396,-332.27795,3612.0854]
[-392.83862,-320.17798,3564.4663]
[-369.67456,-321.16992,3557.563]
[-359.2378,-320.04944,3535.6855]
[-356.38098,-308.44788,3481.13]
[-349.4856,-302.76697,3467.4966]
[-322.11792,-288.09912,3444.5571]
[-316.9369,-284.1919,3415.4932]
[-316.78345,-274.84216,3357.6094]
[-310.28906,-257.80554,3332.5415]
[-300.1947,-247.96338,3298.5674]
[-301.29822,-239.78162,3270.0503]
[-307.27185,-229.13733,3237.0645]
[-303.11597,-224.45618,3196.3154]
[-296.1609,-213.07263,3172.8198]
[-292.86536,-197.35474,3134.3765]
[-297.38953,-188.51917,3102.143]
[-300.66992,-181.64783,3073.7866]
[-301.04712,-174.06042,3043.1548]
[-304.70044,-162.40222,3007.8926]
[-303.85144,-156.35193,2981.27]
[-305.34583,-150.91064,2949.9863]
[-305.67932,-144.11804,2922.0977]
[-311.00977,-138.50745,2880.7803]
[-311.10986,-133.85022,2860.4907]
[-314.85254,-126.86145,2825.481]
[-321.4077,-120.44385,2806.4463]
[-324.57654,-118.53699,2775.3394]
[-323.4818,-114.20886,2738.9912]
[-325.40564,-106.94641,2718.4175]
[-324.734,-99.36902,2686.4155]
[-339.0266,-97.10266,2660.773]
[-338.3412,-87.746826,2631.6934]
[-337.78027,-81.724976,2604.3354]
[-345.0006,-76.26428,2585.995]
[-352.68823,-70.6062,2554.3633]
[-352.33386,-65.37744,2543.6924]
[-356.96826,-50.467407,2507.4902]
[-357.54114,-39.477905,2471.227]
[-364.24548,-33.268677,2458.7817]
[-361.48083,-28.611816,2430.396]
[-364.71484,-16.271729,2393.6616]
[-373.60498,-2.5440674,2354.2285]
[-383.38782,2.6114502,2332.7324]
[-381.27795,6.8930664,2307.0972]
[-386.2854,7.8372803,2280.4082]
[-384.4679,7.807007,2266.1172]
[-394.11035,16.10852,2222.0298]
[-395.31677,23.508911,2187.8516]
[-393.0984,27.31311,2164.3677]
[-401.9292,29.282959,2150.5542]
[-412.1178,32.67151,2128.6475]
[-413.50903,34.847656,2122.1475]
[-430.40967,42.60742,2085.871]
[-437.07007,43.40442,2072.641]
[-447.10327,51.3031,2047.5529]
[-453.51526,53.974854,2028.3624]
[-462.52686,56.624023,2012.7535]
[-466.01758,61.30188,1999.8341]
[-470.0166,69.73694,1976.2699]
[-472.69507,71.98035,1949.7257]
[-471.3335,77.756226,1936.0763]
[-476.57764,84.01904,1910.7848]
[-484.08154,91.01758,1893.3754]
[-490.964,95.21826,1865.1493]
[-498.7107,101.19824,1847.6364]
[-509.98645,103.321045,1823.7062]
[-515.6915,101.39075,1807.0306]
