[237.19861,-638.4077,4782.437]
[241.28833,-637.64417,4758.742]
[240.20068,-629.0132,4716.1523]
[237.06128,-623.47,4696.6333]
[228.3634,-615.75085,4658.987]
[231.37463,-607.63025,4628.478]
[226.8169,-604.0614,4598.5615]
[226.49817,-596.5155,4557.807]
[213.6991,-586.806,4505.467]
[211.11328,-581.38477,4470.264]
[208.0597,-570.9569,4442.6304]
[207.93506,-562.00476,4403.533]
[210.30261,-549.56287,4365.913]
[208.26208,-538.2837,4329.0854]
[209.32178,-526.2374,4301.4136]
[219.32092,-513.2875,4270.8223]
[214.33862,-504.43347,4238.4746]
[213.70605,-489.4342,4188.5737]
[216.3529,-477.05652,4155.1206]
[221.78601,-464.1748,4108.378]
[227.55713,-452.76025,4068.8853]
[227.76184,-443.4187,4026.289]
[229.44153,-432.79053,3988.6694]
[231.13379,-420.8993,3946.6357]
[230.104,-414.64014,3920.962]
[228.2362,-406.1881,3882.1392]
[227.49182,-402.36487,3857.9668]
[234.24597,-394.60364,3832.5513]
[226.67212,-385.11536,3770.3271]
[227.5055,-375.8932,3734.3794]
[225.74402,-364.10742,3703.9448]
[219.88367,-356.1101,3681.002]
[220.44934,-345.21838,3643.9282]
[223.2732,-332.9795,3602.1284]
[219.85132,-318.00745,3555.9678]
[217.19043,-305.8169,3517.3242]
[212.45947,-294.1023,3482.4028]
[207.55469,-278.4524,3428.7715]
[218.9596,-272.76917,3386.1348]
[210.99011,-262.1831,3336.2646]
[212.10742,-257.47925,3307.9316]
[203.61218,-244.8424,3259.8623]
[213.448,-240.0575,3244.5542]
[216.8097,-224.94617,3199.875]
[186.4021,-216.32703,3154.0884]
[183.4425,-201.38928,3094.995]
[186.41516,-196.14795,3067.3506]
[201.75024,-201.73157,3056.3232]
[181.50671,-187.80078,3016.8516]
[181.64563,-179.74695,2980.2202]
[181.25952,-169.36072,2947.0674]
[180.9939,-154.6427,2904.4873]
[178.27893,-143.69092,2870.4897]
[178.71289,-133.18384,2831.4155]
[168.80444,-120.61963,2784.711]
[165.79407,-107.81824,2746.8916]
[166.29443,-93.96155,2697.9697]
[163.83716,-85.37463,2659.4414]
[158.57642,-72.88379,2607.3618]
[177.15967,-64.8241,2563.4854]
[161.47046,-56.47693,2542.2656]
[156.4176,-52.383545,2510.8071]
[161.06543,-43.396362,2475.4688]
[175.85364,-39.144653,2431.3545]
[181.39136,-32.887085,2394.0352]
[178.07324,-27.270996,2362.809]
[179.73804,-22.042358,2345.275]
[176.7456,-14.347656,2319.6035]
[172.64868,-3.8326416,2288.353]
[144.80176,0.9675293,2277.3916]
[135.2052,8.33374,2247.0156]
[160.23987,23.790405,2194.6313]
[159.13135,32.708374,2157.608]
[155.65857,38.617188,2135.2788]
[154.29077,47.42041,2104.7349]
[148.83167,56.43286,2070.7568]
[142.94214,63.299316,2037.828]
[136.55518,71.40637,1998.9701]
[145.26318,74.730225,1971.5973]
[124.79541,78.32251,1950.1442]
[123.854004,90.930786,1914.9198]
[140.94006,98.02026,1890.3727]
[128.06775,103.79663,1878.414]
[124.49548,107.97998,1853.3453]
[110.59033,108.59802,1839.9242]
[117.19653,106.36267,1824.9845]
[118.46399,111.83972,1801.1141]
[106.357056,113.70557,1778.8422]
[107.091064,118.30481,1762.684]
[103.77161,126.80408,1731.2018]
[99.16821,136.22778,1697.275]
[95.763916,139.3324,1687.6688]
[99.29175,148.90527,1661.1556]
[99.739136,154.10999,1645.5878]
[91.737305,158.25842,1626.6288]
