[262.70053,122.21251,847.97144]
[268.8247,127.47902,842.7558]
[273.8847,133.55524,838.7651]
[270.7482,129.37625,841.2999]
[271.7027,129.84183,840.585]
[275.9397,132.19704,838.0951]
[276.34375,131.68367,839.0793]
[281.31485,133.23468,836.9256]
[280.9734,133.57896,836.1504]
[278.30896,127.13903,840.6063]
[283.05624,128.62248,838.65283]
[285.4396,131.43155,835.3574]
[286.06436,132.36171,834.63135]
[291.22604,135.87314,831.12225]
[302.2012,142.09006,825.8337]
[303.60693,141.47974,824.6329]
[287.82065,140.12659,829.8602]
[289.28732,144.64842,825.8961]
[291.62314,147.66357,822.77423]
[321.00027,155.3032,812.17346]
[322.15176,157.43657,809.85736]
[321.42145,159.2392,808.2504]
[308.97552,157.37007,813.2199]
[323.65585,163.68335,804.465]
[325.59024,164.58978,803.4697]
[327.24268,166.47565,801.44073]
[330.4963,167.99135,796.86865]
[321.26797,167.05214,802.3024]
[333.81342,167.74452,797.97766]
[336.10297,163.81952,799.43994]
[338.2958,165.73975,797.73114]
[341.65247,166.7827,796.3447]
[344.70767,169.75146,791.9777]
[345.78873,170.77007,791.3823]
[347.8053,172.8113,788.7354]
[350.85565,178.15324,781.8291]
[347.65952,180.49806,781.4861]
[354.34146,186.85057,775.18933]
[352.38446,191.75586,772.74445]
[358.4389,192.45175,770.55164]
[353.14954,198.56421,763.8361]
[352.0553,205.4273,749.99036]
[354.9036,206.83882,749.2909]
[356.3078,207.67943,747.60175]
[362.02682,205.87735,748.2739]
[362.9971,207.40816,745.9363]
[367.42746,205.93835,743.0382]
[366.8369,208.2501,740.6938]
[367.60532,209.8259,739.229]
[366.1541,213.36998,735.06683]
[365.32968,215.42499,731.0104]
[365.26993,216.86064,729.0537]
[363.97247,219.80518,724.51294]
[361.4804,221.69159,720.8633]
[361.30154,223.43698,717.81287]
[359.2531,224.87772,714.15784]
[358.17606,226.7572,710.9921]
[356.34552,228.11702,708.441]
[352.18097,229.6119,706.3784]
[350.19363,230.63817,704.9682]
[349.72626,232.60016,702.60254]
[347.82166,233.91237,700.32153]
[345.3908,234.62645,698.9393]
[343.5392,235.47516,696.4145]
[342.616,236.36313,694.06396]
[343.30014,238.99348,690.2626]
[343.86084,240.21275,690.29376]
[341.97736,240.8741,687.5599]
[341.70828,243.32912,685.6035]
[340.62006,246.11823,682.2088]
[338.64136,248.34734,679.41376]
[336.743,248.27661,678.54535]
[336.39426,249.71318,676.92957]
[337.06525,252.21265,671.7977]
[333.84473,254.03047,669.25806]
[333.8498,254.6404,668.4043]
[328.31653,256.04556,663.5242]
[328.13687,260.19855,658.37274]
[326.74863,262.48343,654.793]
[326.5044,263.78745,652.948]
[322.62616,268.0245,648.4181]
[323.74966,268.70496,645.36975]
[321.3601,267.7242,647.15137]
[319.4757,267.86676,646.4585]
[318.3148,270.01077,642.99554]
[318.82166,270.9427,642.35986]
[317.11465,270.8648,640.8221]
[315.71585,271.57367,639.60394]
[312.77966,275.4065,634.2713]
[307.74457,277.21085,631.3059]
[309.59344,279.06223,629.1288]
[307.21634,280.66583,627.30255]
[304.85855,282.92548,623.8284]
[305.9491,285.71292,619.7295]
[304.36142,287.24304,616.4613]
