[262.89957,127.7999,845.7204]
[260.79446,126.78048,846.8574]
[257.4593,126.92228,847.42206]
[256.37024,127.966866,846.3839]
[257.19778,128.3551,845.7392]
[256.52438,128.98032,845.0414]
[253.2323,132.69777,841.12787]
[253.44508,133.20581,840.9026]
[250.68199,131.34398,842.9258]
[248.05075,133.07043,840.77716]
[246.39699,131.84007,841.6808]
[249.7321,136.57161,835.28235]
[246.9165,136.51695,834.7785]
[247.6418,138.9289,831.84436]
[248.12639,141.70193,828.51953]
[246.44232,143.16132,826.72656]
[248.76472,143.07672,826.6986]
[247.80002,143.93199,825.611]
[246.67722,144.96815,824.491]
[243.85858,149.16336,818.40845]
[243.9553,149.09126,819.28894]
[242.81386,149.93436,818.0086]
[241.75551,151.73221,815.86053]
[241.61746,153.02042,814.5582]
[239.32397,156.5023,809.2001]
[239.60066,159.94516,804.8612]
[237.92711,159.91312,805.742]
[237.53575,161.07097,803.5047]
[235.59859,162.5248,802.4795]
[235.68994,163.8329,800.9065]
[235.78775,166.7096,796.29297]
[234.86247,167.39554,795.9631]
[234.17445,169.59459,792.6104]
[234.60841,173.2643,786.7553]
[234.52121,175.26183,784.00934]
[234.61542,176.22641,783.1676]
[232.77438,178.07529,780.63135]
[232.7013,180.81447,776.55334]
[232.52074,181.08516,777.2443]
[231.73708,182.54936,776.2227]
[232.27135,184.20488,773.2824]
[231.06882,186.33357,770.5366]
[231.06564,186.23956,769.4651]
[231.31651,187.64197,767.0771]
[230.8057,188.66548,765.64575]
[230.82951,188.76547,765.50165]
[229.43399,191.7127,761.634]
[229.24066,192.70224,760.42365]
[228.3763,193.42613,759.0527]
[228.33386,195.3037,756.43494]
[227.4223,196.69958,754.7512]
[227.05478,198.11339,752.7852]
[226.92415,200.77118,749.2978]
[226.56673,202.10654,746.6346]
[227.03055,204.41449,743.066]
[227.42435,205.93813,740.52313]
[228.14265,208.126,736.739]
[227.58896,210.60071,733.2362]
[227.95483,212.71481,729.944]
[227.7807,214.07756,728.06647]
[227.34811,214.11366,727.77185]
[227.03252,217.02722,724.2897]
[226.66647,218.55157,722.2057]
[226.63513,220.07465,719.3924]
[226.6433,221.22481,717.65936]
[226.74263,221.5879,717.06104]
[228.11096,226.68886,709.5143]
[228.36101,227.87375,707.8667]
[227.90256,229.26852,705.9339]
[228.33005,228.89375,706.57605]
[228.54164,229.23373,705.66815]
[228.36653,230.88011,703.2566]
[228.0753,232.22174,701.2897]
[227.5547,233.62994,699.5293]
[228.22658,234.18396,698.75275]
[229.08926,233.59875,697.55176]
[228.58566,234.29839,696.4668]
[227.46445,235.94672,694.13806]
[227.67827,237.14673,692.371]
[226.96873,238.54755,690.73865]
[224.70775,241.45412,687.2604]
[224.2431,242.71118,686.037]
[224.38419,243.24074,685.12555]
[225.56961,244.86317,681.71]
[226.22517,244.9212,681.228]
[227.85258,244.76677,681.05505]
[229.21068,244.82928,680.1991]
[229.34946,245.1225,679.7228]
[229.2352,245.72183,678.72266]
[230.3821,246.29718,677.87695]
[231.2046,248.1084,675.0348]
[231.96765,248.8988,673.8948]
[231.76253,251.89769,669.30237]
[231.82048,251.65398,668.74]
[231.50114,254.23262,665.2932]
