[294.57214,157.61237,809.9885]
[295.8557,159.33893,808.5297]
[296.96844,160.7844,806.9683]
[298.90683,162.31183,805.6391]
[299.80844,164.17741,802.81165]
[304.3296,166.48846,801.2205]
[303.21313,166.93327,800.0983]
[305.7546,168.94385,796.78357]
[307.0292,171.85703,792.65753]
[309.2761,174.54608,790.1041]
[310.80774,177.15375,786.9304]
[311.53287,177.91673,784.7759]
[313.2269,179.82095,782.9808]
[315.63513,182.13231,779.2152]
[315.61725,183.9526,776.12854]
[315.76865,185.09581,773.35077]
[316.62845,186.40607,770.87524]
[316.17392,188.45146,767.7895]
[317.31146,189.88312,766.22424]
[314.57578,191.92252,762.9153]
[313.49475,193.39183,759.67505]
[311.29016,196.7483,755.437]
[311.7824,198.67589,752.6199]
[311.76334,201.15852,749.84314]
[310.66687,202.33429,747.3491]
[311.10394,204.319,744.98596]
[310.73404,206.13034,742.69617]
[309.84396,207.57262,740.5016]
[309.9065,208.54112,738.4574]
[309.73495,210.11737,736.80176]
[310.67224,211.97525,735.0237]
[308.9162,212.69646,732.6027]
[308.14716,213.68184,730.6904]
[307.89877,215.48274,728.44836]
[310.09076,216.44025,727.63477]
[310.3838,218.73544,724.13495]
[309.7974,220.03925,722.0669]
[310.8809,222.08124,719.47266]
[314.22537,219.26584,728.2357]
[311.15536,224.1023,716.43866]
[311.5804,225.98683,714.91016]
[311.26202,226.8951,711.8289]
[312.18668,229.99344,707.81244]
[312.5514,231.93419,704.8515]
[312.83145,234.2594,702.36145]
[313.5911,236.8021,698.2869]
[314.3285,238.5862,696.0373]
[315.48328,240.09995,693.7019]
[316.83713,242.7463,690.21405]
[315.95337,244.4589,686.22437]
[316.66248,246.3005,684.00024]
[313.3461,244.87024,686.872]
[313.77322,247.83128,681.5689]
[317.74707,249.86375,678.32935]
[318.14117,251.57112,676.49493]
[316.68655,251.4528,675.5521]
[315.64993,250.64493,675.53296]
[319.06296,256.3319,670.0289]
[318.23944,257.2571,667.08875]
[318.37332,258.72153,665.4507]
[317.2754,260.1945,661.9972]
[319.87338,262.5361,659.1349]
[320.1712,265.61478,655.32623]
[318.2994,266.74826,651.9046]
[320.0984,270.1357,648.7373]
[319.49402,271.5825,647.3608]
[318.45816,273.7316,644.21545]
[319.11243,276.33917,641.1572]
[318.67935,278.88293,637.9871]
[317.78165,279.05637,637.3653]
[317.86163,281.41953,633.9358]
[316.94553,281.973,633.0278]
[317.22983,284.0477,629.5942]
[318.15707,287.11252,627.28973]
[317.6373,288.78467,622.1781]
[312.74844,288.4958,621.7063]
[319.0393,292.51407,615.64197]
[318.98642,292.81665,615.414]
[319.63223,296.79977,610.34863]
[320.69,299.10022,606.9994]
[320.72128,301.86856,603.3179]
[320.64542,303.87115,601.22675]
[322.59198,305.0264,600.0843]
[323.24487,307.2834,596.1318]
[323.39188,312.96658,589.03064]
[322.2964,314.49634,587.06165]
[321.9428,316.02643,585.0693]
[321.92725,316.184,584.9267]
[325.11502,322.0048,577.75366]
[324.1744,322.66522,575.7357]
[323.94345,325.22757,572.3976]
[324.45837,325.87878,571.3436]
[321.57266,323.84686,573.6545]
[325.79297,327.72668,568.11786]
[325.91217,332.7429,560.0238]
