[307.5450701682708, 146.50716885041854, 856.24293329026]
[306.9678945718167, 148.1638431499235, 854.3179378034528]
[306.94744743318097, 149.03075622107994, 853.3088829135271]
[307.58391213051203, 151.6288350261765, 849.4626925233023]
[307.68067498360995, 154.468820964018, 843.7713188974507]
[308.7621309871065, 156.1826940435357, 844.2615941547027]
[309.04058072914194, 159.0652465153401, 840.4876148488792]
[310.08583617585293, 161.880718690319, 837.498456012998]
[311.24051041834923, 165.42856328446416, 834.4313852176308]
[312.0928672551236, 168.1900671753114, 830.5262857848679]
[313.0174921850504, 170.22832004712723, 827.7670622440544]
[313.4677472992104, 171.6999059355611, 824.8425133257954]
[314.04165439394944, 173.22679031231294, 821.6253194865411]
[314.86577289613956, 174.98037948825143, 818.9193041131813]
[315.5765770045702, 175.8987904643363, 816.7225669140213]
[315.6878200803823, 177.3352209564168, 812.9428867331135]
[315.94629775670563, 177.80934373426322, 811.7799082159111]
[316.10687240491416, 178.88832935855652, 809.6116753921726]
[316.13258335154444, 180.35801495529563, 806.624416847986]
[316.5565004228149, 181.69258981253623, 804.0324189763128]
[316.76481039839615, 182.78278715782872, 802.2100392410235]
[317.6547360019763, 184.80412743356104, 799.5382291181695]
[317.39808260568, 186.7101200034205, 796.8759204537895]
[317.09703839539367, 189.29432667914526, 794.4967552519311]
[316.5581916824233, 191.92680076391724, 791.0268226172716]
[316.5064087337406, 193.93749940615885, 787.2528433114483]
[316.0780259769875, 196.4194703887047, 785.5349796193716]
[314.86478474445823, 198.82694993681528, 782.0764487348808]
[314.6569498418007, 201.15917793381286, 778.0934373426321]
[313.0395735745437, 203.81711592729482, 774.5208889564548]
[312.15992854903226, 206.02867540167415, 772.2348380476403]
[310.93357530380916, 209.07541307590716, 767.7596511064448]
[310.2141438710842, 210.86548785238534, 765.5895179910116]
[309.639552671335, 214.1471015800925, 761.3081608026832]
[309.4833106881906, 214.97562875901448, 760.8824954630535]
[308.7618269404353, 216.59144678708182, 757.8876357520879]
[308.04636711735253, 218.32679316275048, 755.5160717170086]
[307.77179397037446, 219.26933784335895, 753.2566248919208]
[307.74393569412905, 220.05700875084324, 751.6736819101732]
[307.70216728267786, 221.6239892823548, 749.891208300474]
[307.9864319172993, 222.5538020086083, 748.2132507339876]
[307.9449675525193, 224.40772658603095, 745.7295694889165]
[308.74854390148886, 226.66641329444067, 743.9641985044703]
[309.61292958469124, 228.82856518475583, 741.7104525544671]
[309.7379497752905, 231.39794958526133, 739.1146540994042]
[309.96454055697546, 233.46204642412607, 734.5539540319439]
[310.5420202001007, 235.64434140640589, 733.5239959333758]
[311.54803462331466, 238.05087080866912, 730.5595408895265]
[311.95904871397755, 240.49635619067524, 725.7327999847977]
[312.8154341691449, 242.9629348104934, 723.802103622906]
[313.48699725407846, 244.65039383545377, 719.6138607276216]
[314.804127433561, 246.52275124231568, 717.2403964008474]
[315.4730491130388, 249.92294317177686, 715.4712248330119]
[315.72523682385247, 251.49695478255913, 712.426957537982]
[315.95036438093246, 252.9128621243361, 708.8335059431623]
[315.85818123081896, 253.8170209127101, 705.9773675259153]
[315.77574657709954, 254.19118834741133, 703.9953632882647]
[315.90181192813094, 255.05069028095812, 701.7207141296187]
[316.12703449979574, 256.3288264748639, 699.9515425617833]
[316.0092924263875, 257.35232358166974, 697.2322251465599]
[315.8449171947894, 258.47368571075657, 694.3000750615219]
[315.7403441428259, 259.8532974811634, 691.137989681416]
[315.51158702860886, 261.551208110445, 689.8020846199892]
[314.8509886267542, 263.9256225830665, 685.9140878124792]
[314.62874951305025, 264.9861753779205, 684.190523245318]
[314.3211682993339, 267.8276815491178, 682.4954630535786]
[313.6297661691069, 270.08845857839174, 677.5528043554685]
[312.71498475015915, 271.9813391355573, 675.7779319125485]
[311.59837335030926, 276.03979210808853, 673.5488897545773]
[311.0977225004038, 279.1992170798218, 670.0238486607693]
[310.51153952131654, 281.2840270981596, 666.7363440288084]
[309.4147101580092, 282.99542979847405, 663.7300825676741]
[308.76199796668783, 284.741607836803, 659.8211825515217]
[308.079280169506, 286.26697198019895, 658.01780573318]
[307.63292065332024, 288.4725455357397, 654.4433570553078]
[307.5586762568054, 289.50389084724503, 652.1154997292083]
[307.35808146550494, 291.0924206865754, 650.0080762397027]
[306.62911056847224, 292.4984655144565, 647.8056381654583]
[306.99687402016207, 293.2636369682746, 646.0117628055906]
[307.36435242809773, 294.1499140118008, 643.845430273547]
[307.5895559968455, 295.0911474911399, 642.0933613309643]
[307.7640597831767, 296.293500052258, 640.2633804288957]
[308.4332285005748, 297.5609376039222, 638.3079802749721]
[308.9222495653082, 298.9985272739365, 635.8908092392181]
[309.08985529278743, 299.9131946753826, 633.8308930420819]
[309.91435385331647, 303.3528252586772, 631.1267779604169]
[310.50547759081013, 305.4685264188053, 627.609338033388]
[310.9567968683192, 307.4087242391707, 625.8819728828375]
[312.47368571075657, 309.99640844869685, 622.6039697093504]
[313.4730491130389, 313.0068695544766, 620.1506931313955]
[314.34437086092714, 314.74563645519584, 616.7510712894428]
[314.8173154579228, 316.93767993386984, 612.0364475947058]
[315.5174779328627, 318.4300170076107, 609.1803091774588]
[315.30099670299387, 320.2535939266677, 607.0405807291419]
[315.83663192300014, 321.59852537364486, 604.4884889830588]
[316.1114331049816, 322.4823510408848, 601.7026613585184]
[315.533345368514, 323.33919256605884, 599.095461153287]
[315.16959153230016, 323.93132345815087, 596.416049863654]
[314.61723374537985, 324.9496897773808, 594.9357226334242]
[313.86954497515364, 325.18304559749924, 592.4672437219112]
