[256.1152336883711, 121.601375811187, 895.9476279608919]
[262.2244814579038, 122.55855273784526, 895.0259864889259]
[266.3961918154437, 122.97452658983153, 893.2872195882067]
[271.9942611190818, 122.47608007829203, 891.2767109751346]
[272.6551825705246, 122.8599390006366, 890.3379668779157]
[277.65047934858, 125.32556747460735, 886.4195654032893]
[279.9492622117495, 127.27108611171813, 883.8997786160176]
[283.42824023487606, 128.16384314992348, 882.5106653871369]
[285.3865478350927, 129.6969984892681, 879.561412676846]
[288.0390319914107, 130.57569336893212, 876.8268929280644]
[290.7184242781267, 130.6790692371279, 874.2862029321501]
[292.70799167672243, 132.2435793894363, 871.7189088525088]
[295.455889479035, 134.2624492859654, 871.0614079261167]
[297.0790426330442, 136.44683458910941, 870.0960597451708]
[298.5744581793305, 141.84575332313509, 871.0519064676427]
[299.71429114369056, 143.12902030461677, 869.4062538599674]
[300.8576681520613, 144.97895426948037, 865.9458226837818]
[302.56583085503627, 146.82546770929338, 862.1528404610107]
[304.25849667924024, 148.48803291305217, 858.2021340275732]
[305.53640483814263, 150.18993415489277, 854.6827938088497]
[307.69374899047006, 153.06830598496867, 851.4979049284065]
[309.3735498399004, 155.83133010917174, 848.3643239237223]
[311.8793884861326, 159.02591047725826, 845.0825201668455]
[315.47329615095913, 162.0021473296151, 841.276235902211]
[318.93186504128386, 163.8281376191245, 838.1255522722738]
[321.32222296122455, 166.10563721531256, 835.3036191055327]
[325.55189221545504, 169.16168631884992, 831.8906952217164]
[327.7759936150199, 170.60742824023487, 829.3823101846133]
[329.22306574059115, 172.00623295675885, 826.4577612663543]
[331.9499843225935, 173.6226210723346, 822.6571778768039]
[334.79928168973936, 174.96593727137113, 820.0727811719098]
[336.43885336399137, 176.55211074899998, 817.4427774663411]
[339.18268454207725, 177.69950687430523, 816.2702974906647]
[340.7553659486731, 178.97916330156676, 813.8911322888064]
[342.0850000475073, 180.21473296150958, 812.414605641966]
[344.5175634459889, 182.0487044761371, 810.6207302820984]
[345.8019706024875, 183.714120117438, 808.4524974583597]
[347.3484279836955, 186.4321073284749, 806.0942354651438]
[351.8882248425133, 189.09498608036336, 803.9583076002166]
[355.02598648892604, 190.57113266886466, 801.0793656826322]
[356.7263674974108, 192.78630269746404, 799.2949917812384]
[359.6300132070273, 194.1634440886676, 796.4179501553488]
[363.41501420468035, 194.5250695981833, 791.4144821230058]
[368.3886476574154, 196.48731080220816, 788.8585897935333]
[370.4054272330802, 197.5805486142123, 787.1065208509506]
[372.68045645006504, 199.08044884889827, 784.5696314384259]
[373.76115233688375, 199.5629329102017, 782.2436744040209]
[376.492061531445, 199.62146189440077, 779.1614012750957]
[377.4366965329178, 200.55108459148477, 776.7651334479841]
[378.2445105323667, 201.12877326669644, 774.0230125324238]
[378.47368571075657, 203.0100620445238, 770.6765988579247]
[378.92405484241823, 203.8019135937366, 770.1388163083033]
[379.6473058614497, 206.93872509430196, 767.8413636493201]
[379.5591323268122, 209.89101827130463, 766.4883559626402]
[378.93184603836687, 211.95055441010194, 762.8074909498607]
[377.1510826911931, 214.6765228462569, 758.5052305528899]
[377.40325139908975, 218.16545839786409, 759.0449133942059]
[376.7326384600036, 219.90688570695602, 755.7707108041084]
[375.5120811044495, 223.59744220737883, 752.5687192984121]
[374.29874485733563, 226.75857744163724, 748.920159244444]
[373.6733588605851, 229.62744781323934, 743.5138293728087]
[371.5452221916064, 232.29925793609317, 739.7474512337644]
[369.6753351639477, 234.62293462046424, 736.2433133485989]
[367.65760544243534, 236.22621072334601, 733.0090168840917]
[366.34773437722686, 237.7930012256881, 729.371858580292]
[364.34292663923907, 240.55355497068797, 725.8069113608938]
[361.32621357378355, 243.07524204965458, 724.2657747964313]
[360.5088981158608, 244.2197877374177, 721.9721227208377]
[359.7693045882543, 244.45181335334973, 718.9050519254705]
[358.8906097085902, 245.78657823975976, 716.577194599371]
[357.71869982042244, 247.1110815510181, 713.9300882685491]
[356.7666536813401, 248.0785200528281, 711.4065008978878]
[355.33820441437757, 250.1910743299096, 708.2254126008343]
[354.32515891189297, 252.42980797552423, 706.2187045711516]
[353.24674337510805, 254.16230391365073, 703.3777684874628]
[353.17187188233396, 254.3103366366737, 703.1193288169735]
[351.1615532984313, 258.572120820546, 696.386595342385]
[349.78631219892253, 260.59916197136255, 693.3138236719336]
[348.35558258192634, 263.3412828869232, 689.6291580757645]
[346.79848356722755, 265.6189725122806, 687.0238581622278]
[345.30409417845635, 270.069835719783, 683.1662660218343]
[343.97274981709694, 272.6907180252169, 679.6184214276891]
[341.6882191416382, 274.6746225545621, 675.148935361578]
[338.9067621879958, 277.2618696969985, 671.8899351050386]
[337.31374766026585, 279.05460488184934, 668.0665482151511]
[335.4391099033702, 280.2090320864252, 665.9249194751393]
[334.3848280711089, 281.1635486047108, 663.8003933603808]
[332.8900586239988, 282.41907132744876, 661.2825068648037]
[331.48688323657683, 283.2451091242506, 658.9869544975153]
[329.35171548832744, 284.48010869668497, 655.1882713996597]
[327.7355174019212, 284.78940017292655, 653.614829876386]
[326.494626925233, 285.09270573032956, 651.1957585489372]
[324.56203027164673, 285.7420163995173, 648.6018603855691]
[322.56007297120107, 287.3961443081513, 646.3443138521762]
[320.2317025663439, 288.87770672798274, 643.4083631837487]
[318.39721797295886, 290.74215892139443, 643.2639410149458]
[315.942877231655, 292.9022965025131, 642.2149799994299]
[313.09549915912095, 296.24958431119177, 641.0501011905327]
[310.0182998090207, 298.4821230058814, 638.1293528556633]
[307.5353596777105, 299.4541412106758, 635.3473258145125]
