[148.34799,161.8203,771.8689]
[149.04582,162.97194,766.56323]
[150.37996,164.20377,761.51886]
[150.63899,165.22993,758.06226]
[151.04156,166.91574,752.7792]
[151.90787,167.81601,748.1228]
[152.80074,167.99168,744.77423]
[153.38751,169.0902,742.16296]
[153.79135,169.3539,738.5439]
[154.36497,169.5863,737.8453]
[155.43065,169.89296,733.75287]
[156.50293,171.34541,731.5419]
[157.50266,172.3848,728.5633]
[158.97852,172.73405,726.3103]
[161.04042,174.92816,722.50134]
[162.93925,176.7458,718.2957]
[163.49193,177.31154,717.6466]
[164.8995,178.67165,713.806]
[166.13255,179.93317,711.83325]
[167.11185,180.41261,703.48553]
[169.8307,182.30551,700.8706]
[172.21964,183.26077,698.31067]
[174.27533,184.27605,695.11487]
[176.0034,184.75764,692.2828]
[176.96526,186.31458,686.1556]
[179.9458,186.18694,685.26733]
[181.28871,186.33112,682.45233]
[181.65628,187.8239,675.43256]
[182.54353,188.55486,673.6784]
[186.06496,190.44218,670.72675]
[186.73161,190.94495,666.98706]
[186.75136,192.14796,659.5391]
[187.58698,194.34009,656.3136]
[188.88583,195.6065,651.9421]
[188.74385,196.65926,648.27277]
[187.97522,198.02887,644.02844]
[188.50995,198.63118,638.7852]
[189.40488,200.09592,635.762]
[189.8289,202.11835,630.8155]
[189.2468,203.25523,626.66797]
[188.82468,204.13939,623.01935]
[188.77615,205.11566,619.07794]
[188.30608,206.61574,614.5407]
[188.41531,207.39423,611.1151]
[188.22304,208.09436,607.08984]
[188.18011,208.96837,603.5014]
[187.49425,209.69029,598.185]
[187.48137,210.28954,595.57434]
[186.9998,211.1888,591.0696]
[186.15633,212.01456,588.62036]
[185.74861,212.25992,584.61786]
[185.88947,212.81682,579.94086]
[185.64192,213.75128,577.29364]
[185.72835,214.72627,573.1759]
[183.8893,215.01788,569.8764]
[183.97748,216.22173,566.13477]
[184.04967,216.99655,562.61456]
[183.1206,217.69919,560.2547]
[182.13144,218.42722,556.1846]
[182.17703,219.1,554.8116]
[181.58072,221.0185,550.15344]
[181.50702,222.43253,545.4874]
[180.64436,223.23146,543.88605]
[181.00008,223.83067,540.23364]
[180.58397,225.41849,535.50696]
[179.44006,227.18483,530.43304]
[178.18129,227.8482,527.6672]
[178.45277,228.39912,524.36865]
[177.80846,228.52061,520.9346]
[178.04233,228.51671,519.0957]
[176.80162,229.58488,513.423]
[176.64638,230.5371,509.0252]
[176.93182,231.0266,506.0035]
[175.79556,231.28006,504.22607]
[174.48457,231.71606,501.40738]
[174.30557,231.99606,500.571]
[172.13094,232.99452,495.90326]
[171.27394,233.09708,494.20096]
[169.98297,234.1134,490.9728]
[169.15793,234.45718,488.50357]
[167.9984,234.79807,486.49518]
[167.54924,235.39996,484.83282]
[167.03468,236.4853,481.80078]
[166.69005,236.77397,478.3853]
[166.86525,237.51715,476.62903]
[165.80957,238.09207,473.74017]
[164.43298,238.79805,471.39316]
[163.33601,239.24225,467.60205]
[162.61166,240.18977,465.18915]