[256.96664,148.41136,826.99976]
[257.44617,149.3701,823.3514]
[256.80856,149.78221,819.4418]
[256.66458,150.72476,814.0986]
[255.00905,152.00726,807.235]
[254.67635,152.70483,802.70544]
[254.28343,154.0466,799.14984]
[254.2674,155.19849,794.11914]
[254.57204,156.7994,789.2785]
[254.30948,158.25069,784.53986]
[254.44582,159.80069,780.97925]
[255.73242,161.46696,777.0431]
[255.09134,162.60623,772.88086]
[255.00995,164.53621,766.4601]
[255.35052,166.12885,762.15564]
[256.0496,167.78636,756.1412]
[256.79218,169.25508,751.05963]
[256.81854,170.45706,745.57874]
[257.03467,171.8246,740.7382]
[257.25238,173.35466,735.3297]
[257.1199,174.16003,732.02625]
[256.87958,175.24756,727.0309]
[256.78378,175.7395,723.9206]
[257.65286,176.73814,720.6503]
[256.6783,177.95901,712.64386]
[256.78555,179.14563,708.0185]
[256.5589,180.66212,704.1024]
[255.80484,181.69115,701.15027]
[255.87761,183.09259,696.38]
[256.24097,184.66737,691.0016]
[255.80066,186.59384,685.0621]
[255.4583,188.16241,680.0898]
[254.84955,189.66975,675.5964]
[254.21846,191.68344,668.69556]
[255.68593,192.4147,663.2095]
[254.66049,193.77682,656.79266]
[254.80426,194.38206,653.147]
[253.71117,196.00807,646.96185]
[254.97675,196.62375,644.9922]
[255.4093,198.56813,639.2432]
[251.49673,199.67717,633.35187]
[251.11592,201.59923,625.7482]
[251.4984,202.27364,622.19116]
[253.47159,201.55519,620.7723]
[250.86684,203.34767,615.6934]
[250.8847,204.38397,610.98004]
[250.83504,205.72038,606.71423]
[250.80084,207.61415,601.2354]
[250.4515,209.02333,596.86096]
[250.50735,210.37529,591.8332]
[249.2324,211.99194,585.82367]
[248.84508,213.63911,580.9574]
[248.90945,215.42206,574.6626]
[248.59328,216.52695,569.70514]
[247.91637,218.13416,563.00397]
[250.3075,219.1712,557.3584]
[248.28876,220.24524,554.628]
[247.6386,220.77194,550.5802]
[248.23663,221.92833,546.0332]
[250.13945,222.4754,540.35693]
[250.85199,223.28058,535.555]
[250.42503,224.00319,531.5372]
[250.63927,224.67596,529.281]
[250.25421,225.66606,525.97784]
[249.72705,227.01904,521.9568]
[246.14397,227.63667,520.54645]
[244.90916,228.5845,516.63794]
[248.13042,230.57333,509.89758]
[247.98778,231.72081,505.13376]
[247.54092,232.4811,502.26062]
[247.36494,233.61382,498.33047]
[246.66249,234.77345,493.95853]
[245.90468,235.65698,489.72153]
[245.08287,236.70012,484.72162]
[246.20335,237.12779,481.19955]
[243.56973,237.59001,478.43915]
[243.4486,239.21234,473.90683]
[245.6471,240.12456,470.7483]
[243.9908,240.8678,469.20956]
[243.53114,241.40608,465.98395]
[241.74196,241.4856,464.25702]
[242.59198,241.19797,462.33475]
[242.75505,241.90271,459.26334]
[241.19727,242.14279,456.39755]
[241.2917,242.73459,454.31845]
[240.86458,243.82819,450.2676]
[240.26627,244.94736,446.0038]
[239.86888,245.37965,444.45227]
[240.05637,246.55415,441.311]
[240.29984,247.35063,439.24658]
