[517.6754,-591.0156,4681.1807]
[487.2306,-586.35913,4638.7173]
[471.776,-573.9209,4620.647]
[454.35364,-568.33826,4599.892]
[437.49792,-558.5216,4562.338]
[426.7882,-549.0144,4526.8735]
[418.68347,-543.5132,4502.2676]
[401.4381,-537.13135,4478.7744]
[398.27527,-532.87683,4459.8228]
[397.01184,-525.51917,4435.905]
[401.3683,-522.5641,4430.0254]
[396.39685,-512.6686,4393.556]
[395.3971,-504.48547,4368.5615]
[399.20203,-493.52332,4336.1504]
[392.9276,-485.84875,4306.1763]
[384.31384,-471.38354,4244.6655]
[381.0912,-462.24768,4222.21]
[382.54065,-453.52832,4186.35]
[390.25842,-445.09668,4156.7095]
[384.37878,-435.2467,4115.7627]
[387.65955,-430.23706,4097.4585]
[391.44153,-422.14807,4062.5703]
[396.34338,-416.90405,4050.1162]
[394.13757,-407.21582,3997.9585]
[391.98328,-403.45398,3981.4082]
[391.94226,-394.73938,3946.56]
[392.45593,-386.21423,3901.8198]
[392.55554,-375.22778,3884.686]
[393.04163,-364.7174,3847.497]
[393.15002,-357.2677,3817.101]
[396.56458,-341.10364,3784.062]
[394.1859,-329.2329,3734.106]
[390.81165,-315.13367,3682.3604]
[392.19397,-304.11157,3637.3652]
[395.36096,-294.52466,3611.1655]
[415.5995,-277.62805,3567.8062]
[419.4303,-267.505,3522.79]
[425.51038,-256.78723,3488.9038]
[431.41833,-246.49097,3470.7979]
[434.10486,-242.06055,3425.6558]
[443.78674,-235.55396,3392.7422]
[443.6527,-223.99072,3349.4346]
[444.2484,-231.15161,3328.6055]
[449.40857,-222.87744,3304.9487]
[462.8817,-210.86743,3275.8018]
[462.8346,-208.83508,3258.1758]
[474.9486,-201.2771,3226.857]
[492.58606,-191.05273,3207.1719]
[502.57922,-182.0636,3169.1997]
[512.8656,-168.59546,3146.8838]
[512.2843,-158.46814,3111.4321]
[534.9452,-153.29285,3076.2827]
[532.7875,-143.95178,3031.7334]
[557.6791,-135.69556,2991.5415]
[580.11975,-128.47998,2994.1753]
[590.17126,-120.60498,2952.1704]
[593.9596,-111.30249,2920.7295]
[608.63416,-102.67517,2883.6167]
[615.0875,-94.95239,2853.1416]
[623.88367,-89.02466,2816.9917]
[635.33655,-82.986084,2778.0142]
[645.9464,-75.46448,2756.3345]
[653.2882,-69.760376,2735.746]
[649.88855,-59.909668,2701.501]
[649.1139,-53.265503,2675.9907]
[644.50305,-42.341553,2641.248]
[640.1564,-31.648071,2607.2075]
[633.43176,-29.77649,2582.542]
[635.84314,-19.066162,2552.378]
[626.56726,-13.530273,2522.8398]
[619.297,-11.1171875,2503.8447]
[613.0885,-2.1052246,2467.088]
[618.6188,6.6849365,2441.8545]
[613.82385,17.112915,2403.7954]
[610.66785,22.721802,2371.204]
[610.871,21.819824,2356.7632]
[604.5265,26.650513,2325.0703]
[605.37463,29.225586,2304.7134]
[602.10535,31.125,2290.8638]
[603.07605,43.550415,2267.7285]
[603.15906,50.23816,2235.795]
[600.1776,51.16284,2235.5205]
[599.03064,54.9104,2217.0093]
[600.55994,60.001343,2200.0479]
[596.2689,65.45874,2181.745]
[600.422,71.86047,2164.2437]
[595.10974,76.53345,2147.1753]
[591.8773,82.01465,2127.6284]
[592.2677,87.83667,2110.4346]
[580.1498,90.31079,2094.5723]
[579.2311,95.84192,2069.0825]
[577.0692,97.47803,2059.5996]
[578.43054,103.875854,2018.7723]
[572.34656,105.69165,2006.2777]
[567.7628,108.77002,1987.6896]
