[51.76754, -59.10155999999999, 468.11807]
[48.72306, -58.635913, 463.87173]
[47.1776, -57.392089999999996, 462.0647]
[45.435364, -56.833826, 459.9892]
[43.749792, -55.852160000000005, 456.2338]
[42.67882, -54.90144, 452.68735]
[41.868347, -54.35132, 450.22676]
[40.14381, -53.713135, 447.87744000000004]
[39.827526999999996, -53.287683, 445.98228]
[39.701184, -52.551917, 443.59049999999996]
[40.136829999999996, -52.25641, 443.00254000000007]
[39.639685, -51.266859999999994, 439.3556]
[39.53971, -50.448547000000005, 436.85614999999996]
[39.920203, -49.352332000000004, 433.61504]
[39.29276, -48.584875, 430.61763]
[38.431384, -47.138354, 424.46655]
[38.109120000000004, -46.224768, 422.221]
[38.254065000000004, -45.352832, 418.63500000000005]
[39.025842, -44.509668, 415.67095]
[38.437878, -43.52467, 411.57627]
[38.765955000000005, -43.023706, 409.74584999999996]
[39.144153, -42.214807, 406.25703]
[39.634338, -41.690405, 405.01162]
[39.413757, -40.721582, 399.79585000000003]
[39.198328, -40.345398, 398.14081999999996]
[39.194226, -39.473938, 394.656]
[39.245593, -38.621423, 390.18198]
[39.255554000000004, -37.522778, 388.46860000000004]
[39.304163, -36.47174, 384.74969999999996]
[39.315002, -35.72677, 381.7101]
[39.656458, -34.110364, 378.4062]
[39.41859, -32.923289999999994, 373.41060000000004]
[39.081165, -31.513367, 368.23604]
[39.219397, -30.411156999999996, 363.73652000000004]
[39.536096, -29.452465999999998, 361.11655]
[41.55995, -27.762804999999997, 356.78062]
[41.94303, -26.7505, 352.279]
[42.551038, -25.678723, 348.89038]
[43.141833000000005, -24.649097, 347.07979]
[43.410486, -24.206055, 342.56558]
[44.378674000000004, -23.555396, 339.27422]
[44.365269999999995, -22.399072, 334.94346]
[44.42484, -23.115161, 332.86055]
[44.940857, -22.287744, 330.49487]
[46.28817, -21.086743000000002, 327.58018000000004]
[46.283460000000005, -20.883508, 325.81758]
[47.49486, -20.12771, 322.6857]
[49.258606, -19.105273, 320.71718999999996]
[50.257922, -18.20636, 316.91997000000003]
[51.286559999999994, -16.859546, 314.68838]
[51.22843, -15.846814, 311.14321]
[53.49452, -15.329284999999999, 307.62827000000004]
[53.27875, -14.395178000000001, 303.17334]
[55.76790999999999, -13.569556, 299.15414999999996]
[58.01197499999999, -12.847998, 299.41753]
[59.017126, -12.060497999999999, 295.21704]
[59.39596, -11.130249000000001, 292.07295]
[60.863415999999994, -10.267517, 288.36167]
[61.50875, -9.495239, 285.31416]
[62.388367, -8.902466, 281.69917]
[63.533654999999996, -8.2986084, 277.80142]
[64.59464, -7.546448, 275.63345]
[65.32882, -6.9760376, 273.57460000000003]
[64.988855, -5.990966800000001, 270.1501]
[64.91139, -5.3265503, 267.59907]
[64.450305, -4.234155299999999, 264.1248]
[64.01563999999999, -3.1648071, 260.72075]
[63.34317600000001, -2.977649, 258.25419999999997]
[63.58431399999999, -1.9066161999999998, 255.23780000000002]
[62.656726000000006, -1.3530273, 252.28398]
[61.929700000000004, -1.11171875, 250.38447000000002]
[61.30884999999999, -0.21052246000000002, 246.70880000000002]
[61.86188, 0.66849365, 244.18545]
[61.382385, 1.7112915000000002, 240.37954]
[61.066785, 2.2721802, 237.12040000000002]
[61.0871, 2.1819824, 235.67631999999998]
[60.452650000000006, 2.6650513, 232.50703]
[60.537463, 2.9225586, 230.47134]
[60.21053500000001, 3.1125, 229.08638000000002]
[60.307605, 4.3550415000000005, 226.77285]
[60.315906, 5.023816, 223.5795]
[60.017759999999996, 5.116284, 223.55205]
[59.90306399999999, 5.49104, 221.70093000000003]
[60.055994, 6.0001343, 220.00479]
[59.62689, 6.545874, 218.1745]
[60.0422, 7.186047, 216.42437]
[59.510974, 7.653345, 214.71752999999998]
[59.18773, 8.201465, 212.76284]
[59.22677, 8.783667, 211.04346]
[58.01498, 9.031079, 209.45722999999998]
[57.923109999999994, 9.584192, 206.90825]
[57.706920000000004, 9.747803000000001, 205.95996]
[57.843053999999995, 10.3875854, 201.87723]
[57.234655999999994, 10.569165, 200.62777]
[56.77628, 10.877002000000001, 198.7689]
